combTable = ...
    [0 1 2 3 4 5 6 7 8 9;...
    0 0 10 11 12 13 14 15 16 17;...
    0 0 0 18 19 20 21 22 23 24;...
    0 0 0 0 25 26 27 28 29 30;...
    0 0 0 0 0 31 32 33 34 35;...
    0 0 0 0 0 0 36 37 38 39;...
    0 0 0 0 0 0 0 40 41 42;...
    0 0 0 0 0 0 0 0 43 44;...
    0 0 0 0 0 0 0 0 0 45;...
    0 0 0 0 0 0 0 0 0 0];
combTable = combTable' + combTable;
combVec = combnk([1:10], 2);